1204 576
1190 13
701 699
69 572
1059 184
468 696
706 421
1131 603
164 68
1195 71
1213 459
1029 50
361 361
2 543
1166 269
792 709
1091 188
1194 67
643 480
720 337
589 20
826 564
420 142
578 134
1185 389
192 123
551 220
852 422
971 25
923 672
352 616
912 446
543 444
585 189
396 250
114 304
639 46
1269 150
201 413
280 332
66 221
672 265
1011 537
951 12
879 513
1175 251
106 439
798 429
882 146
270 222
1268 569
165 350
750 586
43 234
391 319
202 501
49 346
105 588
910 409
318 264
387 122
389 510
141 503
408 540
486 176
740 571
717 373
33 520
557 495
702 0
25 207
781 326
710 667
965 379
82 552
434 191
542 141
708 521
255 657
287 400
1193 367
1272 653
1222 401
19 511
962 700
44 608
698 297
131 116
873 472
1152 279
238 650
264 21
922 177
1060 22
157 330
555 691
749 405
938 548
1215 382
908 2
536 627
619 158
180 40
1023 32
339 165
492 284
395 704
491 530
638 384
839 266
1039 118
48 283
61 133
506 469
190 546
67 254
1200 299
687 37
1151 275
1096 482
696 190
544 500
1251 55
799 531
561 514
721 58
1026 17
612 66
419 268
1125 701
1082 225
782 28
1270 557
496 323
187 211
1240 417
1002 305
808 140
1224 113
1176 420
765 467
457 664
684 353
769 466
1226 533
494 454
948 244
1201 403
732 84
1093 281
859 301
1049 112
266 103
532 44
210 241
161 101
1038 129
822 631
703 355
78 526
85 175
135 719
631 402
356 580
397 685
745 92
276 632
770 702
414 438
972 598
22 567
29 200
919 706
868 674
250 620
1087 340
320 168
553 492
1104 354
382 59
1015 19
1271 114
346 390
752 449
217 504
335 138
121 26
945 462
278 80
272 169
664 718
463 711
946 310
432 590
897 380
208 426
70 447
704 328
665 102
778 331
901 97
9 478
60 193
968 5
430 596
817 43
738 27
465 430
829 594
980 549
525 595
1202 143
461 611
279 682
1088 294
478 613
403 378
45 391
1094 697
1246 398
393 293
876 130
988 224
83 87
160 7
198 45
103 214
593 545
76 640
606 365
502 78
291 187
215 629
956 18
862 371
667 680
651 471
477 183
222 179
764 124
451 512
214 695
1056 414
464 498
511 443
47 261
347 322
1123 395
148 115
1243 484
930 481
895 51
759 298
857 99
1187 648
1205 604
35 228
507 693
58 52
353 192
615 48
91 404
1159 170
330 455
473 119
677 260
134 690
1258 502
958 651
1249 54
856 33
95 464
370 416
1047 560
1235 522
1242 223
1063 518
307 397
239 357
258 159
1057 623
56 246
921 6
937 181
317 164
1170 205
802 411
1278 428
68 69
1157 126
51 72
107 450
917 647
348 584
1124 565
747 523
1066 277
866 453
984 497
189 424
1257 655
516 132
596 432
875 369
646 624
1223 536
152 344
173 407
438 633
903 677
15 713
513 64
586 125
656 415
847 235
541 473
1245 79
299 458
515 617
1266 573
303 162
139 324
453 553
537 111
20 89
989 600
775 541
1033 475
285 15
381 63
737 534
248 232
666 199
609 642
203 144
411 665
788 583
388 154
927 70
642 318
229 252
760 302
369 599
594 286
1135 161
1160 274
415 201
850 370
993 652
90 248
1020 516
947 267
435 42
296 336
282 440
1106 194
828 506
40 96
714 145
891 372
18 259
853 508
194 591
1218 601
669 278
610 180
199 173
1238 227
300 445
811 30
324 644
680 108
188 656
743 147
344 247
1211 542
849 483
518 442
691 396
860 463
780 434
86 334
999 233
1137 489
871 349
310 171
495 308
171 399
380 245
249 291
580 153
16 182
470 394
603 486
888 581
890 152
252 635
905 607
801 597
377 708
59 256
1022 73
55 29
892 216
474 307
1037 418
991 535
880 81
237 461
1173 593
640 60
1267 621
588 452
1073 217
725 671
336 364
343 100
412 703
517 157
554 517
57 198
685 39
1244 538
1133 282
482 710
1116 202
256 692
96 493
1180 255
748 106
162 661
535 505
294 544
177 427
552 321
534 570
790 490
193 386
483 460
583 615
744 363
64 705
490 645
501 388
422 109
807 579
835 494
325 612
621 342
966 288
509 85
624 509
1233 687
814 474
376 219
909 238
979 356
1138 174
724 387
521 352
1260 609
462 643
668 295
662 41
1101 8
805 714
1210 515
146 688
1128 276
1108 242
810 614
472 212
305 716
271 419
1081 451
1234 587
242 86
649 630
844 575
1005 313
660 82
71 610
983 676
274 91
263 306
311 707
428 485
331 359
632 61
345 186
185 325
338 312
251 360
1156 311
1021 470
597 366
204 31
939 90
1075 105
314 392
224 1
1120 479
167 128
655 167
796 639
1045 715
997 532
306 270
565 329
1229 280
316 333
262 23
1076 317
390 156
650 57
784 289
1145 636
889 16
226 448
1050 507
441 577
843 431
119 230
349 678
5 290
261 376
992 425
416 4
469 120
1142 423
858 240
960 315
825 562
1077 74
863 296
974 172
265 166
709 592
783 163
676 519
832 377
81 236
423 204
1112 622
1121 94
223 226
158 457
253 641
394 689
533 499
1012 237
1165 9
212 654
1042 258
460 47
436 606
961 49
1062 139
115 53
694 468
791 65
883 88
367 160
398 3
37 625
821 618
130 578
636 243
841 605
1144 524
488 496
813 263
455 381
1111 257
79 117
1208 137
628 327
450 406
1252 196
659 320
616 488
308 272
75 347
124 582
186 393
288 135
284 658
410 287
1164 253
143 568
830 638
449 341
1103 663
562 95
378 36
1119 155
548 525
93 477
572 555
218 303
674 300
319 218
400 683
729 231
269 712
100 77
1203 383
1198 589
604 368
728 566
944 249
166 76
1259 35
489 358
118 669
452 351
1136 694
374 456
836 574
475 206
99 558
1 662
576 104
170 148
364 127
1046 385
870 11
234 213
1034 178
1247 38
1209 375
549 556
556 75
1140 292
3 121
673 273
446 649
14 185
987 62
1074 136
812 435
295 585
964 660
595 24
225 539
1161 686
1236 559
1248 362
914 316
898 374
934 646
197 83
1117 309
1122 339
487 563
1099 602
360 550
681 465
625 529
31 110
508 195
1186 285
123 673
786 203
861 335
1007 628
755 717
456 551
607 215
1261 527
547 637
421 14
227 210
7 93
768 107
302 547
689 412
722 491
758 436
1013 10
539 338
1095 98
577 410
1217 441
181 626
688 197
977 34
439 271
168 343
845 314
924 433
510 528
329 670
116 408
600 131
545 476
1196 698
235 149
120 675
550 56
1191 679
1105 348
1184 666
221 561
990 262
641 668
887 209
112 151
824 554
630 208
196 229
205 239
527 345
1102 684
231 681
1048 634
200 659
8 487
485 619
437 437
693 689
751 564
570 473
686 14
1264 502
973 63
1098 368
1274 225
62 260
277 168
1092 342
1107 466
240 656
385 440
122 217
820 292
1220 668
1072 71
1126 644
1115 641
928 624
1061 54
913 403
1085 715
87 471
1225 179
154 95
88 209
528 707
793 52
163 48
1178 193
476 241
645 710
1150 625
362 477
1197 94
111 18
98 150
566 590
1036 328
172 88
36 472
109 355
174 527
614 520
297 448
431 598
785 109
730 309
915 5
243 4
526 688
1064 43
1009 8
1100 516
426 53
894 208
978 338
678 468
447 295
718 418
125 128
546 434
573 456
1001 230
1182 562
695 19
444 596
443 289
1086 39
1221 2
838 578
1078 458
670 517
1114 519
145 592
213 563
773 188
337 253
1017 497
1158 83
981 658
406 391
233 518
440 148
371 567
191 630
976 484
761 521
1169 79
140 180
97 311
734 117
39 277
1058 588
804 454
815 417
132 420
700 332
881 390
754 274
1054 66
943 160
358 716
32 493
692 280
247 566
52 585
1263 580
355 185
712 286
831 251
179 290
230 228
582 685
767 170
920 329
281 664
1019 669
648 236
869 246
245 165
137 174
855 62
286 55
375 539
806 653
341 670
1162 435
466 601
963 136
1055 259
383 323
1253 75
1035 308
384 447
713 11
1214 220
1231 661
538 149
207 495
522 9
512 162
220 171
679 549
366 181
304 199
498 137
772 12
848 451
834 182
0 267
332 437
1030 235
267 300
373 101
405 233
407 56
259 59
1174 344
28 627
328 143
151 268
184 505
479 186
699 36
1040 296
21 650
409 607
372 665
1276 646
429 717
663 73
1167 684
605 72
293 584
531 512
592 250
442 570
837 7
500 45
1041 412
24 114
1069 551
731 480
386 102
102 395
953 157
657 487
149 703
735 443
427 248
417 376
1089 610
1025 691
10 486
1109 198
797 532
1228 343
53 421
228 614
454 3
1147 445
1149 84
733 282
350 214
916 76
1143 349
846 229
340 200
637 317
803 499
23 528
771 377
433 523
675 336
1071 135
719 227
1006 510
503 140
634 195
136 339
647 320
618 507
94 207
150 191
1155 129
620 303
617 608
563 542
1097 405
1032 591
833 479
471 369
622 201
219 154
601 85
823 559
1273 554
1163 202
635 68
1265 47
902 373
342 92
1031 383
575 511
1181 415
175 441
1168 354
1084 470
104 252
777 366
629 546
493 422
753 475
819 212
591 265
6 573
1004 534
289 203
907 194
1016 568
211 91
763 397
840 613
326 269
787 46
774 159
54 266
84 459
399 522
283 305
404 306
996 50
147 108
611 649
800 357
627 442
1000 1
